0.0,50.24999999999999,32.22,17.859999999999996,343.66,403.0,257.33,234.66,54.21999999999999,22.75,1.5700000000000003,251.78,295.71,128.23,32.68,266.09,228.99,85.52000000000001,638.78,235.43,287.09,324.53,58.61000000000001,39.31,255.48000000000002,243.13,167.29,259.46999999999997,173.19,62.57,255.51999999999998,478.08,104.52000000000001,182.4,38.5,179.25,205.59,75.04,80.1,310.86,282.19,69.69,28.349999999999998,415.6,204.49,38.91,28.39,28.64,34.540000000000006,25.869999999999997,123.86,235.98000000000002,20.960000000000004,16.81,17.479999999999997,73.16,105.77,29.340000000000003,243.42,557.82,419.84000000000003,647.53,478.44,689.25,745.1,420.78,615.77,609.03,26.240000000000002,379.71,230.434,658.05,648.7,96.83,188.15,676.64,720.59,594.75,330.0,636.73,838.53,395.76,452.06,563.81,588.01,649.26,622.6800000000001,558.5,400.18,514.38,641.51,50.79,629.55,819.45,38.26,173.73999999999998,455.17,46.160000000000004,448.71,664.05,392.09000000000003,555.24,669.88,660.88,446.1,50.449999999999996,612.57,635.63,796.61,429.38,515.26,792.74,494.45,684.93,690.15,58.230000000000004,623.78,754.88,752.21,555.51,482.62,622.93,746.9,56.74,741.09,738.96,718.89,607.02,7.640000000000001,502.82,451.29,569.06,542.65,497.71,463.83,44.86,396.49,599.01,534.18,491.96,510.76,336.31,47.65,561.68,236.91,249.75,57.92,494.19,51.589999999999996,547.71,583.79,620.5,666.5,38.949999999999996,439.88,381.59,639.59,238.43,41.34,501.1,599.51,419.09,529.86,416.29,502.7,602.45,406.96,431.7,350.85,470.36,598.59,59.86999899999999,51.849999999999994,373.59,356.49,253.85999999999999,21.800000000000004,555.67
50.24999999999999,0.0,12.879999999999999,23.34,334.85,420.39,245.53,253.05,14.400000000000002,10.0,3.5300000000000002,243.18,287.35,113.32000000000001,10.790000000000004,282.39,263.17,108.94,649.96,228.36,303.65,285.77,22.500000000000004,13.36,211.4,246.69,158.57,248.19,144.66,20.31,252.1,483.49,72.62,227.66,54.69,141.43,184.91,65.05,37.88,295.43,281.12,25.549999999999997,3.6399999999999997,382.44,180.19,52.79,26.79,9.610000000000003,24.26,20.779999999999998,113.39,230.91,17.63,25.009999999999998,36.14,97.59,105.46000000000001,9.340000000000003,248.95,536.79,379.77,604.23,436.85,645.76,711.56,382.93,577.42,564.75,19.540000000000003,393.25,189.024,642.81,606.87,106.93,176.56,633.82,680.1,576.05,342.29,594.03,797.93,351.53,437.84,549.52,548.2,609.8,581.23,519.27,385.93,473.57,600.61,19.55,589.35,780.1,12.190000000000001,186.18,464.19,22.27,405.39,646.87,351.95,513.22,628.33,647.43,405.3,24.9,571.99,593.62,758.17,390.53000000000003,503.07,751.34,459.57,643.42,677.75,31.920000000000005,583.61,729.36,709.01,514.71,442.41,625.73,710.13,31.139999999999997,702.74,699.13,701.07,588.7,4.459999999999999,487.58,451.85,538.96,497.81,471.78,423.81,18.46,349.48,557.71,489.42,477.90999999999997,469.78,296.43,20.75,520.97,216.81,234.21,27.82,455.0,26.88,533.49,588.3,603.47,661.21,15.200000000000001,426.21,337.26,600.27,197.36,15.63,463.28,560.87,393.1,501.78,383.18,461.65,562.56,389.69,387.42,324.75,454.89,557.83,33.849999,28.099999999999998,334.17,319.27,254.94,38.5,517.38
32.22,12.879999999999999,0.0,16.92,19.67,17.200000000000003,7.26,3.9000000000000004,13.430000000000003,3.7099999999999995,0.8,12.860000000000001,17.470000000000002,19.959999999999997,12.140000000000002,16.96,24.0,19.78,15.259999999999998,21.820000000000004,30.13,3.8700000000000006,5.080000000000001,11.900000000000002,10.63,26.759999999999998,13.84,13.880000000000004,9.98,8.309999999999999,6.4399999999999995,9.410000000000004,9.490000000000002,35.96,5.1599999999999975,5.579999999999998,15.8,6.010000000000002,11.1,8.310000000000002,20.86,14.959999999999999,2.52,7.150000000000002,10.860000000000001,15.729999999999999,7.920000000000002,5.420000000000001,4.54,13.690000000000003,11.479999999999997,11.11,17.67,18.669999999999998,22.730000000000004,19.1,22.640000000000004,4.86,10.490000000000002,16.6,9.21,6.18,16.290000000000003,18.540000000000003,11.809999999999999,6.17,29.980000000000004,29.349999999999998,17.78,58.02,11.294,3.8499999999999988,25.99,43.07,6.379999999999999,15.770000000000001,24.510000000000005,21.42,42.58,7.100000000000002,23.45,17.98,13.909999999999998,8.2,13.81,4.6800000000000015,21.75,24.65,10.739999999999998,44.15,25.920000000000005,22.799999999999997,28.389999999999997,15.170000000000002,10.14,67.28,38.91,23.09,18.21,4.359999999999999,7.980000000000001,22.430000000000003,12.470000000000002,8.37,24.349999999999994,20.66,28.16,27.519999999999996,16.28,14.499999999999998,7.129999999999999,22.979999999999997,9.13,23.699999999999996,6.909999999999998,27.71,25.580000000000002,19.08,32.36000000000001,24.36,12.479999999999999,30.650000000000002,17.63,26.529999999999998,25.88,22.89,5.48,5.1800000000000015,6.16,13.379999999999999,28.86,9.869999999999997,7.75,12.369999999999997,20.340000000000003,12.700000000000003,23.28,17.04,21.32,12.559999999999999,14.62,19.81,17.68,16.289999999999996,21.200000000000003,9.209999999999999,28.869999999999997,23.809999999999995,20.0,25.830000000000002,33.33,25.52,26.29,8.320000000000002,11.679999999999998,12.35,23.93,21.37,15.89,27.06,24.020000000000003,15.139999999999999,12.879999999999999,8.96,21.95,26.35,25.029999999999998,23.239999999999995,13.829999999999998,26.2,11.349999999999998,27.829999,22.59,17.55,12.78,31.85,28.9,20.650000000000002
17.859999999999996,23.34,16.92,0.0,8.79,3.6200000000000014,19.709999999999997,3.6900000000000004,21.480000000000004,2.45,1.9400000000000004,21.349999999999994,28.19,29.64,17.830000000000002,4.249999999999997,13.01,9.0,6.630000000000001,8.870000000000001,15.230000000000002,16.330000000000002,15.479999999999997,24.33,21.509999999999998,15.92,23.67,23.72,8.740000000000002,20.459999999999997,21.4,12.840000000000002,13.919999999999998,25.41,7.329999999999998,19.86,7.6800000000000015,21.319999999999997,21.43,6.240000000000002,6.389999999999999,24.97,13.5,16.699999999999996,9.749999999999996,9.309999999999995,14.21,14.969999999999999,13.93,8.189999999999998,24.95,21.429999999999993,6.6400000000000015,5.42,9.300000000000002,10.099999999999998,6.98,13.950000000000003,7.079999999999999,17.130000000000006,20.270000000000003,20.25,28.439999999999998,29.200000000000003,18.599999999999998,19.189999999999998,41.3,41.050000000000004,12.5,44.57000000000001,20.035999999999998,2.0499999999999994,39.959999999999994,29.11,8.170000000000002,24.890000000000004,35.019999999999996,12.69,31.749999999999996,18.720000000000002,35.050000000000004,29.669999999999998,13.739999999999998,13.509999999999998,26.069999999999997,20.239999999999995,35.66,42.03,12.55,57.089999999999996,42.75,36.24999999999999,43.660000000000004,30.409999999999997,21.31,57.169999999999995,30.45,35.01,28.95,1.8900000000000001,22.979999999999997,35.949999999999996,25.54,7.970000000000001,36.949999999999996,31.78,42.260000000000005,42.349999999999994,27.459999999999997,27.52,8.219999999999999,35.4,19.73,37.78,9.85,40.9,36.58,17.909999999999997,44.21,35.24,25.709999999999997,20.05,29.169999999999995,38.660000000000004,41.95,33.75000000000001,5.36,6.220000000000001,4.8100000000000005,13.450000000000001,18.36,19.630000000000003,24.339999999999996,18.029999999999998,33.22,30.729999999999997,36.26,34.17999999999999,36.05,15.62,30.419999999999995,37.059999999999995,31.009999999999998,29.78,11.16,13.269999999999996,44.51,37.33,34.64,14.590000000000003,23.479999999999997,15.92,17.39,25.099999999999998,12.21,25.91,36.660000000000004,37.21,21.119999999999997,36.43,38.73,19.509999999999998,19.89,12.73,38.36,42.03000000000001,17.77,32.8,17.58,17.869999999999997,28.66,41.290000000000006,33.51,31.610000000000003,26.770000000000003,17.92,18.159999999999997,32.38
343.66,334.85,19.67,8.79,0.0,725.64,578.4,562.18,335.63,314.78,2.5099999999999993,571.3,615.97,445.83,22.64,585.7,551.43,403.31,961.98,114.76,57.34,53.480000000000004,319.34,25.27,135.26,103.27,487.26,576.02,193.26999999999998,324.72,571.16,796.96,271.47,517.1,361.78,205.31,154.48,392.23,307.37,28.47,65.31,329.05,19.86,72.25,164.5,355.46,349.91,22.509999999999994,343.43,17.910000000000004,445.81,558.19,10.350000000000001,6.479999999999999,329.35,388.97,238.36,17.599999999999998,564.72,221.27,77.75,309.33,133.8,349.15,398.96,77.8,277.19,269.16999999999996,12.32,55.65,156.114,328.02,296.94,274.63,154.13,333.91,379.54,246.91,37.09,293.57,494.40999999999997,53.75,110.17,222.63,243.94,306.69,273.49,207.45,59.78,165.01,296.49,36.879999999999995,281.85,477.22,23.240000000000002,250.07,130.02,36.4,109.55000000000001,331.86,48.58,209.32,321.29,325.78,100.5,31.330000000000002,267.2,284.57,453.68,84.22,176.24,444.59000000000003,146.44,337.68,351.18,40.09000000000001,277.95,405.44,405.52,209.18,136.06,274.53,391.79,38.160000000000004,396.09,393.26,386.73,273.07,3.9400000000000017,161.42000000000002,113.49000000000001,222.87,200.76,151.12,122.4,29.37,51.239999999999995,247.18,191.86,149.13,160.62,78.62,25.23,215.43,135.18,99.99,44.86000000000001,147.37,34.56,199.85,243.88,271.34000000000003,317.69,23.869999999999997,105.1,40.76,294.42,173.96,33.64999999999999,155.56,252.82,72.11,180.61,74.06,152.9,253.47,58.129999999999995,90.67999999999999,33.17,118.86,251.7,42.879999,37.37,37.05,35.97,114.03999999999999,10.0,206.34
403.0,420.39,17.200000000000003,3.6200000000000014,725.64,0.0,176.91,160.02,424.12,406.35,1.3900000000000001,191.5,154.34,327.21,14.450000000000001,143.44,183.91,328.84,237.31,612.25,687.25,692.23,429.04,24.87,626.9,638.28,277.84,188.95,543.51,433.12,185.4,75.99000000000001,474.32,242.05,363.17,550.74,574.52,364.4,448.7,694.82,662.5,440.58,12.190000000000001,783.18,575.96,375.94,398.29,13.690000000000001,403.79,9.209999999999999,321.89,207.71,3.3899999999999983,6.140000000000002,399.73,340.88,488.2,12.940000000000001,170.03,940.4,788.79,1016.86,846.8,1058.05,1113.05,791.93,985.82,978.69,7.88,779.61,598.01,1044.06,1017.21,498.04,571.69,1046.35,1089.52,961.97,727.32,1004.94,1207.94,765.14,835.29,946.36,957.21,1017.68,991.76,927.72,784.75,884.92,1009.2,33.85,1000.07,1189.48,24.01,574.29,852.67,31.07,818.89,1048.98,760.83,923.91,1039.43,1046.75,816.99,35.17,982.82,1004.46,1167.71,800.2,897.1,1162.71,864.63,1054.31,1073.88,42.74,994.17,1124.44,1118.54,924.9,853.22,1007.8,1114.56,38.949999999999996,1109.47,1110.24,1103.04,991.14,6.680000000000001,885.1,838.61,936.47,910.3,866.5,834.09,27.439999999999998,760.68,968.46,899.96,874.31,877.82,703.19,30.310000000000002,928.76,600.22,633.99,36.57,859.35,32.779999999999994,913.56,974.16,985.8,1043.23,21.269999999999996,821.92,747.82,1003.54,603.52,23.55,869.57,965.24,785.2,896.19,782.2,868.32,965.82,772.48,797.78,719.12,833.76,964.26,39.289999,32.75,735.03,721.73,635.52,19.17,919.58
257.33,245.53,7.26,19.709999999999997,578.4,176.91,0.0,6.279999999999999,246.98,246.5,1.65,11.93,37.45,146.9,8.97,36.83,35.010000000000005,181.16,402.45,467.39,541.24,528.27,260.41,2.0,445.68,489.41,99.61,8.24,387.12,255.81,12.26,236.36,308.51,92.39000000000001,195.88,374.82,424.99,187.47,273.1,532.74,517.47,262.02,7.359999999999999,619.84,417.5,228.39,233.78,7.080000000000001,238.02,13.739999999999998,146.17000000000002,28.23,17.88,20.15,253.32999999999998,191.44,342.89,7.37,19.270000000000003,776.07,616.72,846.76,665.53,881.83,945.98,614.49,808.39,801.11,17.99,629.19,430.68,881.12,829.49,348.83,406.69,865.36,911.33,810.38,582.03,834.57,1024.29,586.51,662.76,777.45,773.73,844.19,802.25,737.96,612.38,693.04,827.65,13.229999999999999,813.65,1008.33,2.89,419.52,706.14,12.21,640.47,884.62,581.87,739.93,855.77,876.67,630.41,8.28,798.23,816.4,983.81,613.53,732.27,974.94,692.07,865.83,906.41,11.969999999999999,807.75,958.86,938.98,738.07,666.38,849.92,934.8,14.409999999999998,927.46,923.7,939.67,825.24,0.5100000000000002,713.9,688.77,772.88,735.25,704.02,651.5,5.91,584.52,777.96,724.0,704.59,695.63,522.32,6.0,747.35,456.97,463.4,22.87,677.12,7.7700000000000005,762.22,818.93,829.79,886.91,6.41,653.68,569.07,822.31,415.87,4.65,679.22,782.97,626.4,733.4,627.25,686.09,785.0,614.51,616.46,550.04,680.56,783.89,15.33,8.549999999999999,556.74,551.08,483.56,28.01,733.86
234.66,253.05,3.9000000000000004,3.6900000000000004,562.18,160.02,6.279999999999999,0.0,256.2,253.63,2.7800000000000002,17.76,28.55,153.02,11.11,19.220000000000002,20.659999999999997,171.53,391.23,454.37,519.13,527.76,262.21,2.2799999999999994,452.68,467.82,103.12,13.280000000000001,382.28,261.73,18.84,225.78,309.07,63.93,203.95,378.99,419.03000000000003,192.2,280.46,541.62,504.45,261.68,1.7199999999999998,617.94,413.12,219.05,234.52,4.610000000000001,239.67,5.640000000000004,149.55,32.980000000000004,6.470000000000001,3.7,238.83,180.69,328.28,2.210000000000001,14.45,785.95,622.73,849.95,670.55,879.58,947.09,619.2,799.77,787.94,4.640000000000002,583.47,431.164,887.82,833.06,313.33,415.65,872.55,909.36,801.38,551.63,838.04,1023.94,583.61,677.13,788.31,781.02,847.57,811.17,743.33,622.32,681.33,819.44,4.75,806.94,1006.37,2.3999999999999986,363.42,672.87,3.7100000000000017,637.93,893.0,586.42,740.12,863.69,887.47,629.72,8.149999999999999,790.35,816.74,989.55,622.51,742.7,977.46,693.86,869.43,915.9,9.399999999999999,808.76,960.46,930.5,739.27,675.71,844.17,945.59,11.729999999999997,921.51,923.64,946.9,833.21,5.24,725.34,671.53,770.91,739.92,701.92,648.53,5.249999999999998,583.35,790.71,720.87,714.88,702.65,521.6,10.12,752.95,448.64,473.49,7.24,680.32,11.219999999999999,758.83,804.25,829.11,881.24,4.599999999999999,664.2,576.57,826.77,430.71,12.399999999999999,689.95,783.61,622.61,733.98,623.99,689.15,787.77,615.63,618.69,556.42,681.4,792.13,11.749999000000003,10.549999999999997,567.79,555.5,472.64,8.95,751.46
54.21999999999999,14.400000000000002,13.430000000000003,21.480000000000004,335.63,424.12,246.98,256.2,0.0,3.5300000000000002,1.7799999999999994,241.98,286.7,114.85,11.950000000000001,287.96,266.23,113.03999999999999,653.3,224.07,297.8,285.3,19.41,10.26,206.33,247.74,158.23,248.85,143.57,12.54,255.69,487.54,68.69,233.28,58.89,136.97,180.85,68.06,31.78,289.27,275.46,18.96,6.5600000000000005,379.48,175.92,58.94,30.27,9.06,28.009999999999998,20.06,115.25,229.11,16.75,24.56000000000001,41.28,103.09,99.80000000000001,10.790000000000001,255.1,536.38,377.77,602.15,428.18,636.76,708.13,373.71,566.59,557.85,22.67,390.21,189.404,638.5,598.1,107.22,168.38,627.21,669.8,574.13,338.77,594.21,788.44,343.88,430.85,543.43,538.85,604.29,572.37,509.78,380.8,465.14,591.22,18.080000000000005,579.89,771.15,11.590000000000002,184.02999999999997,463.72,17.8,398.69,642.43,342.83,504.42,623.39,640.98,397.62,21.15,562.9,584.62,747.34,381.63,495.32,743.98,457.87,635.43,671.09,28.419999999999998,573.72,726.54,701.4,506.44,434.22,620.05,707.77,27.700000000000006,694.1,689.94,697.77,586.15,6.010000000000002,483.4,450.51,533.08,493.01,466.0,415.13,14.860000000000001,343.64,548.64,482.71,471.28,459.79,286.25,18.610000000000003,512.65,214.6,229.11,25.06,444.09,22.49,529.15,587.03,600.75,657.16,11.969999999999999,421.09,330.53,589.48,188.77,13.360000000000001,453.16,551.53,389.4,498.37,381.72,452.22,551.7,385.84,381.69,320.11,451.61,548.27,29.849999000000004,22.250000000000004,324.11,315.74,250.94,39.21,506.85
22.75,10.0,3.7099999999999995,2.45,314.78,406.35,246.5,253.63,3.5300000000000002,0.0,2.4399999999999995,238.68,275.81,108.58,3.0200000000000014,266.48,236.94,86.71,637.35,203.03,266.95,277.06,10.78,6.09,205.75,221.59,153.72,245.36,133.77,11.41,242.98,471.03,60.21,193.35,55.47,128.13,168.69,62.41,30.599999999999998,287.37,252.24,14.079999999999998,1.33,366.88,163.7,36.89,23.29,1.7800000000000011,17.07,2.460000000000001,107.42999999999999,222.81,1.7999999999999994,1.9000000000000001,17.47,76.5,75.83,1.4000000000000008,242.07,532.51,372.07,599.76,422.54,628.71,698.51,371.53,546.78,540.88,4.59,335.02,185.244,639.28,580.16,65.75,160.75,625.59,658.92,555.88,298.06,589.18,774.31,335.33,423.32,534.49,532.69,597.27,558.24,488.69,374.9,429.89,570.44,9.45,559.0,757.32,7.75,115.69,426.41,3.24,390.13,644.72,338.81,493.32,615.46,637.76,380.1,6.85,543.4,565.28,739.96,373.25,490.1,728.75,445.67,619.75,662.61,10.649999999999999,558.5,709.13,682.39,490.75,426.99,582.73,688.98,6.309999999999998,667.62,672.21,698.54,587.05,7.55,473.45,421.81,521.87,491.86,450.82,398.78,5.87,334.54,537.89,472.17,461.98,453.55,272.79,7.71,498.49,196.17000000000002,223.74,5.24,423.63,5.289999999999999,501.43,548.31,573.76,624.44,4.999999999999999,410.59,323.41,571.39,171.46,9.88,433.15,531.04,371.63,480.32,372.91,435.53,531.22,357.92,367.04,297.58,419.46,541.81,9.919998999999999,7.96,308.57,299.33,216.08,7.4700000000000015,489.89
1.5700000000000003,3.5300000000000002,0.8,1.9400000000000004,2.5099999999999993,1.3900000000000001,1.65,2.7800000000000002,1.7799999999999994,2.4399999999999995,0.0,2.8799999999999994,1.29,1.3099999999999996,3.05,2.79,1.8900000000000001,2.3099999999999996,3.489999999999999,2.39,1.2299999999999993,1.51,2.0,4.32,4.859999999999999,3.2800000000000002,2.7400000000000007,4.91,2.0999999999999996,2.32,0.6899999999999995,2.2500000000000004,3.8000000000000003,2.129999999999999,4.2299999999999995,2.2700000000000005,3.0700000000000007,2.05,4.16,1.65,0.7499999999999998,3.349999999999999,1.98,2.15,1.98,2.44,1.3999999999999995,1.0699999999999998,1.45,3.6400000000000006,2.39,0.78,2.1899999999999995,1.6599999999999995,1.9899999999999998,0.7600000000000002,1.12,1.3199999999999998,2.849999999999999,5.88,4.880000000000001,4.6899999999999995,6.71,2.9099999999999993,7.92,2.7100000000000004,0.7200000000000002,5.01,5.870000000000001,4.130000000000001,9.464,2.37,6.57,3.6399999999999997,2.6399999999999997,5.979999999999999,5.109999999999999,8.700000000000001,1.9100000000000001,4.6000000000000005,5.97,3.3299999999999996,7.729999999999999,5.36,4.029999999999999,0.7799999999999998,5.46,2.8900000000000006,6.859999999999999,6.709999999999999,4.98,7.190000000000001,6.130000000000001,0.73,4.68,5.28,5.71,1.85,2.3200000000000003,4.289999999999999,2.1,8.4,6.28,6.860000000000001,5.07,6.009999999999999,5.69,7.08,5.609999999999999,3.8000000000000003,5.879999999999999,6.71,3.91,5.459999999999999,3.0999999999999996,6.25,7.5,7.04,8.34,6.779999999999999,3.85,1.8299999999999996,6.329999999999999,4.26,1.3500000000000005,4.16,3.69,4.58,5.59,6.35,6.9,6.159999999999999,6.479999999999999,4.59,2.46,6.1,10.3,6.539999999999999,7.51,7.130000000000001,7.870000000000001,6.959999999999999,7.5,2.8099999999999996,9.580000000000002,8.11,7.46,6.69,7.8,10.2,5.41,11.3,4.779999999999999,4.84,7.859999999999999,5.700000000000001,9.929999999999998,8.22,11.620000000000001,10.05,6.290000000000001,7.2299999999999995,4.33,4.99,7.63,8.51,10.19,9.120000000000001,3.42,6.82,5.53,12.479999,11.07,6.58,6.85,9.35,9.06,7.589999999999998
251.78,243.18,12.860000000000001,21.349999999999994,571.3,191.5,11.93,17.76,241.98,238.68,2.8799999999999994,0.0,47.76,141.95,17.580000000000005,50.839999999999996,31.47,176.73,417.59,461.33,534.86,521.77,253.35,3.709999999999999,439.77,482.94,89.55,8.009999999999998,379.13,247.61,19.599999999999998,252.2,302.28,86.53999999999999,189.21,371.06,417.27,180.78,267.03,527.87,511.45,251.33,8.79,612.72,410.47,222.1,226.77,10.1,233.27,19.43,138.84,19.4,21.64,22.759999999999998,246.02,187.01,335.57,9.38,22.310000000000002,771.64,612.3,838.58,655.98,870.04,940.56,607.56,799.7,789.31,20.129999999999995,622.83,424.694,871.96,826.64,343.69,399.58,860.96,899.67,806.65,575.88,830.24,1017.12,576.63,661.61,774.15,768.48,837.59,801.53,738.4,611.41,693.74,819.99,14.319999999999999,808.57,1000.54,8.85,416.67,698.54,13.030000000000001,631.51,877.71,575.84,732.41,855.74,872.39,626.59,15.500000000000002,791.49,812.93,976.9,610.79,727.67,972.53,690.02,863.73,902.15,22.030000000000005,802.48,959.18,931.49,735.42,665.73,853.89,940.01,22.469999999999995,924.17,920.11,932.35,819.88,5.28,713.65,683.11,766.51,729.16,699.48,644.83,9.02,575.36,779.47,714.44,702.57,690.46,514.96,15.609999999999998,742.01,451.06,459.92,22.729999999999997,673.86,16.549999999999997,762.56,819.14,833.27,889.94,10.269999999999998,651.68,563.11,818.96,421.66,15.4,682.37,780.24,622.38,731.46,618.19,680.87,781.3,618.71,613.88,553.56,684.41,779.65,23.719999,15.84,553.36,549.2,484.95,36.99,737.83
295.71,287.35,17.470000000000002,28.19,615.97,154.34,37.45,28.55,286.7,275.81,1.29,47.76,0.0,178.27,19.7,35.19,76.43,221.24,380.28,505.18,578.39,567.23,299.04,9.360000000000003,483.7,527.18,130.51,41.8,424.68,293.27,55.239999999999995,215.87,346.87,132.37,229.15,416.6,462.22,227.46,311.29,565.95,554.24,286.86,14.03,658.9,456.39,269.22,271.11,13.66,277.9,21.24,174.95,62.59,25.94,28.14,290.35,232.87,380.75,15.060000000000002,55.44,810.73,656.06,883.82,700.15,903.91,985.86,653.74,833.23,823.92,25.759999999999998,668.59,468.754,910.94,860.12,386.92,441.08,904.23,933.99,850.56,622.11,872.84,1050.23,609.69,699.95,814.54,811.23,884.57,836.25,772.57,649.3,724.57,854.23,6.65,841.13,1035.2,13.6,460.87,744.36,6.380000000000002,663.6,914.34,622.07,765.4,899.55,909.81,659.68,8.9,824.92,846.54,1015.71,653.18,766.35,1004.06,734.85,896.18,942.91,13.170000000000002,834.81,1003.12,962.41,765.07,709.79,900.29,983.57,13.95,957.88,952.34,970.34,857.84,2.3400000000000007,751.1,730.32,812.96,774.0,745.64,678.69,12.31,607.38,824.57,746.67,741.52,736.08,548.08,19.840000000000003,781.5,493.65,498.72,16.07,707.07,12.42,805.15,865.1800000000001,874.0699999999999,933.59,15.17,688.25,602.41,848.81,464.14,12.25,708.66,810.59,666.64,778.48,665.76,716.87,813.78,658.7,640.15,596.21,728.45,826.93,12.500000000000002,9.69,597.84,595.17,524.6,38.330000000000005,781.43
128.23,113.32000000000001,19.959999999999997,29.64,445.83,327.21,146.9,153.02,114.85,108.58,1.3099999999999996,141.95,178.27,0.0,14.319999999999999,190.1,169.88,55.349999999999994,556.07,337.15999999999997,411.54,394.48,133.0,15.880000000000003,316.02,358.51,53.88,147.45,253.66,122.84,158.12,391.26,183.26,136.38,67.23,251.51999999999998,294.54,62.57,145.37,393.78,388.21,118.29,11.370000000000001,491.13,290.22,99.93,102.15,17.270000000000003,111.1,28.159999999999997,5.559999999999999,126.47,25.000000000000004,31.919999999999998,125.44,66.87,213.87,18.55,155.13,637.57,491.46,713.95,535.45,736.32,821.72,488.28,666.91,657.31,29.89,504.37,302.39,743.28,700.8,218.6,276.13,740.09,771.65,687.22,452.52,703.69,890.13,443.81,539.02,652.25,646.32,718.14,674.73,612.47,489.11,568.02,694.01,13.790000000000001,683.81,873.46,20.310000000000002,298.90999999999997,575.61,14.8,496.53000000000003,747.92,457.56,607.36,736.47,749.44,499.54,16.95,666.27,688.19,851.69,488.52,600.06,845.37,570.25,736.99,778.5,25.71,676.79,841.79,802.1,606.9,545.81,731.78,819.6,21.139999999999997,793.51,791.83,802.83,690.77,6.590000000000001,588.21,564.04,646.06,605.32,579.65,515.78,18.11,440.05,661.86,580.16,577.63,570.67,387.4,24.22,612.45,324.31,338.38,17.87,544.66,20.759999999999998,641.58,699.61,714.36,770.92,19.959999999999997,527.36,433.87,689.01,301.51,18.56,554.76,650.88,501.52,609.75,492.69,553.4,651.43,498.52,478.83,431.57,561.14,658.03,25.619999,18.929999999999996,428.94,428.01,361.57,47.54,614.83
32.68,10.790000000000004,12.140000000000002,17.830000000000002,22.64,14.450000000000001,8.97,11.11,11.950000000000001,3.0200000000000014,3.05,17.580000000000005,19.7,14.319999999999999,0.0,18.11,29.549999999999997,24.890000000000008,13.399999999999999,24.320000000000004,31.629999999999995,5.690000000000001,8.33,21.87,14.330000000000004,29.970000000000006,19.080000000000002,20.66,10.560000000000002,9.46,15.92,14.740000000000002,14.469999999999999,43.12,15.089999999999998,16.349999999999998,17.04,13.780000000000001,15.489999999999998,6.63,22.840000000000003,18.209999999999997,2.9399999999999995,13.190000000000001,16.360000000000003,21.779999999999994,9.82,8.07,10.7,14.09,12.850000000000003,17.450000000000003,13.68,21.890000000000004,26.08,25.25,22.540000000000003,8.130000000000003,8.840000000000002,12.440000000000003,13.450000000000003,8.350000000000001,24.800000000000004,20.86,19.6,15.940000000000001,33.09,32.81,20.799999999999997,63.46,14.414000000000001,5.6400000000000015,37.230000000000004,44.82,12.96,19.8,29.01,30.709999999999997,41.56,12.21,33.3,21.930000000000003,23.069999999999997,17.23,24.090000000000003,12.73,32.050000000000004,34.74000000000001,22.34,55.56,35.17999999999999,28.36,41.06000000000001,23.150000000000002,20.04,76.20000000000002,40.93,27.060000000000006,21.37,6.069999999999999,15.620000000000003,34.239999999999995,24.72,16.650000000000002,35.209999999999994,31.16,40.22,39.59,26.580000000000002,25.729999999999993,16.220000000000002,35.29,18.28,34.19,14.9,38.63,35.93,28.690000000000005,39.46000000000001,35.63,24.13,37.51,28.65,37.85,35.46,32.57000000000001,8.690000000000001,9.150000000000002,9.920000000000002,23.17,35.75,20.25,13.05,22.160000000000004,27.0,22.18,27.36,28.279999999999998,25.91,22.149999999999995,26.269999999999996,32.0,27.99,25.259999999999998,20.05,19.44,31.410000000000004,30.110000000000003,27.1,30.410000000000004,38.510000000000005,31.590000000000003,33.620000000000005,19.22,16.0,12.770000000000001,30.599999999999998,29.369999999999997,13.450000000000001,33.019999999999996,32.769999999999996,23.650000000000002,23.03,8.479999999999999,30.91,35.410000000000004,30.480000000000004,23.280000000000005,18.94,31.89,23.220000000000002,36.119999,28.38,24.299999999999997,19.48,34.79,36.449999999999996,26.49
266.09,282.39,16.96,4.249999999999997,585.7,143.44,36.83,19.220000000000002,287.96,266.48,2.79,50.839999999999996,35.19,190.1,18.11,0.0,43.66,187.84,377.57,475.63,549.17,554.2,288.25,22.190000000000005,486.32,497.7,138.47,46.89,404.15,293.13,44.5,214.52,332.56,100.07,220.36,409.17,437.0,221.07,310.57,559.52,523.98,301.02,12.64,642.93,435.14,236.84,262.55,15.29,263.49,7.019999999999998,182.5,66.6,5.809999999999998,4.859999999999998,259.88,198.93,349.38,11.379999999999999,30.88,801.36,650.23,876.5,704.88,919.66,971.08,650.52,849.8,839.25,5.86,639.19,456.224,904.57,874.51,358.07,429.82,905.66,950.35,820.11,589.89,866.98,1066.56,626.09,692.83,802.66,817.42,875.92,850.31,783.51,641.71,742.05,865.46,32.459999999999994,856.41,1047.22,21.090000000000003,431.55,709.91,31.02,680.19,909.34,617.25,780.92,897.64,904.3,675.53,33.38,839.98,861.26,1026.72,659.67,759.41,1021.02,721.94,912.38,931.71,40.26,851.52,981.95,979.1,783.42,711.78,867.11,973.87,40.91,969.75,969.04,964.28,851.57,7.770000000000001,744.32,698.33,795.41,769.09,725.31,692.92,23.66,622.55,824.18,760.14,732.33,735.01,560.17,27.860000000000003,790.57,460.32,490.13,37.48,718.4,28.740000000000002,771.74,830.57,841.89,898.87,19.049999999999997,677.59,607.45,861.87,459.2,23.64,725.03,822.38,642.97,756.56,643.6,725.62,825.13,628.8,656.12,577.12,694.13,825.13,35.71999900000001,29.14,597.27,579.85,493.75,15.05,780.35
228.99,263.17,24.0,13.01,551.43,183.91,35.010000000000005,20.659999999999997,266.23,236.94,1.8900000000000001,31.47,76.43,169.88,29.549999999999997,43.66,0.0,157.09,418.72,448.24,512.17,532.64,269.91,32.93000000000001,464.97,459.38,118.94999999999999,38.599999999999994,381.48,271.25,28.93,251.96,313.17,60.95,190.69,383.64,417.35,201.76,291.85,531.26,493.47,278.09,21.43,623.85,414.9,214.45,240.39,25.250000000000004,239.04,18.840000000000003,161.8,46.61,18.110000000000003,9.440000000000001,228.37,166.94,317.06,22.87,19.92,777.32,630.93,854.87,685.34,896.89,949.88,628.64,829.07,817.97,19.59,604.14,437.794,873.94,851.97,319.88,398.49,887.15,931.47,801.24,555.36,844.52,1044.31,603.68,662.03,772.95,796.44,856.87,825.77,762.23,610.94,718.67,846.56,43.08000000000001,833.81,1027.17,31.22,392.71999999999997,675.76,42.77,657.23,878.7,600.0,761.47,873.83,872.02,650.78,39.169999999999995,818.68,838.35,1002.99,634.15,726.74,996.6,697.23,888.1,900.3,46.83999999999999,828.01,958.37,962.67,760.77,686.61,826.63,950.35,45.24000000000001,945.42,943.01,933.42,821.15,6.970000000000001,712.33,662.22,772.85,749.84,701.82,671.77,35.11,603.3100000000001,802.03,741.0,701.38,713.15,538.77,35.19,764.41,442.69,459.77,49.55,695.62,38.300000000000004,748.98,792.03,821.94,869.6,30.150000000000002,648.67,587.81,841.89,439.77,33.03,703.55,802.12,621.1,732.32,622.73,704.63,803.75,608.62,637.79,553.73,671.75,803.0,47.239999,38.43,574.88,558.4,455.48,9.49,756.96
85.52000000000001,108.94,19.78,9.0,403.31,328.84,181.16,171.53,113.03999999999999,86.71,2.3099999999999996,176.73,221.24,55.349999999999994,24.890000000000008,187.84,157.09,0.0,563.44,295.89,368.3,378.16,114.63,27.82,310.31,315.62,94.65,184.26,226.67,117.4,173.82,396.68,159.14000000000001,125.49000000000001,41.07,229.36,262.59,46.56999999999999,136.42000000000002,382.48,342.96,124.13,16.299999999999997,469.28,260.97,60.47,87.53,20.509999999999998,85.73,13.350000000000001,46.33,161.97,12.7,4.1099999999999985,79.89,14.11,169.32,17.849999999999994,164.22,628.05,475.79,700.84,530.64,742.65,794.97,474.69,674.71,663.99,13.840000000000002,459.83,282.594,723.55,697.1,175.26,248.53,732.97,777.52,646.98,410.31,690.53,890.23,449.1,512.26,622.55,641.63,701.29,670.6800000000001,606.97,461.37,564.05,691.61,37.89,679.44,872.34,26.1,248.53,530.55,37.79,502.40999999999997,729.31,445.38,607.14,719.62,723.49,496.36,35.0,664.23,683.7,849.44,479.42,578.06,842.62,542.92,733.06,750.65,41.77999999999999,674.0,803.81,807.96,607.05,532.35,680.96,795.98,41.67,791.03,789.61,783.66,671.65,7.620000000000001,562.78,517.05,619.11,595.58,548.37,516.98,30.729999999999993,449.21000000000004,647.28,586.85,552.2,558.99,384.39,30.560000000000002,609.87,288.27,310.49,45.29,540.17,33.35000000000001,594.32,646.62,666.71,716.71,25.82,497.89,432.0,687.15,284.26,28.540000000000003,548.13,646.93,466.45,577.52,467.88,549.9,649.13,453.38,482.44,398.29,516.42,648.39,42.129999,33.42999999999999,419.34,403.89,310.96,14.44,601.97
638.78,649.96,15.259999999999998,6.630000000000001,961.98,237.31,402.45,391.23,653.3,637.35,3.489999999999999,417.59,380.28,556.07,13.399999999999999,377.57,418.72,563.44,0.0,850.58,922.25,920.03,653.14,21.02,853.57,873.71,505.36,414.94,771.32,657.73,412.36,172.43,700.64,476.5,593.54,776.57,807.81,587.8,677.79,929.76,898.57,668.53,8.07,1010.14,802.42,608.88,628.26,11.269999999999998,630.99,1.8099999999999994,550.09,433.88,6.3199999999999985,11.28,634.37,573.5,721.04,8.15,398.04,1171.15,1015.81,1242.1,1072.95,1286.18,1338.62,1018.09,1215.87,1205.98,5.880000000000001,1014.49,823.294,1276.03,1243.36,733.04,799.82,1272.51,1316.58,1196.74,962.72,1234.22,1434.45,992.96,1065.0,1173.06,1185.23,1242.65,1217.98,1150.47,1014.92,1109.87,1232.08,29.96,1224.83,1413.81,20.1,807.67,1084.22,26.17,1047.28,1280.72,984.7,1149.4,1266.13,1275.71,1043.65,31.610000000000003,1208.52,1229.3,1393.93,1027.52,1131.23,1390.05,1090.64,1280.0,1302.25,38.72,1219.01,1350.16,1346.2,1151.49,1079.59,1242.37,1342.63,38.970000000000006,1336.22,1336.69,1335.47,1223.46,8.959999999999999,1117.07,1073.33,1163.88,1135.72,1093.38,1059.92,19.55,988.79,1191.58,1127.39,1104.25,1103.36,928.8,26.49,1158.33,833.39,861.3,32.1,1084.89,23.9,1143.87,1204.68,1214.76,1275.94,15.839999999999998,1048.21,972.74,1226.06,826.91,16.25,1089.43,1190.72,1011.0,1125.0,1008.6,1091.71,1192.43,999.56,1020.3,943.41,1068.24,1193.07,30.659999000000003,22.880000000000003,964.16,945.8,865.66,19.259999999999998,1144.7
235.43,228.36,21.820000000000004,8.870000000000001,114.76,612.25,467.39,454.37,224.07,203.03,2.39,461.33,505.18,337.15999999999997,24.320000000000004,475.63,448.24,295.89,850.58,0.0,78.95,91.33,208.62,28.359999999999996,24.330000000000002,27.21,376.33,468.47,81.91,212.89000000000001,466.83,688.42,163.51,413.87,257.85,96.9,44.540000000000006,284.66,198.46,88.17,55.62,217.5,17.61,182.18,53.67999999999999,246.27,237.08,19.36,235.48,16.93,334.73,447.15,10.13,6.570000000000001,220.99,283.41,130.64000000000001,18.05,452.08,337.65,189.03,417.84,246.92,458.47,514.22,189.91,385.26,377.97,15.270000000000003,170.68,48.294,438.82,417.09000000000003,167.8,50.69,444.93,489.63,360.76,120.85,402.86,607.65,163.23,232.07,342.33,357.55,418.99,391.87,328.2,179.49,283.54,410.34000000000003,38.92000000000001,397.8,587.73,25.95,147.51,244.18,35.900000000000006,218.06,443.11,161.01,323.77,436.81,441.45,214.93,37.830000000000005,381.54,402.58,566.86,199.12,293.82,560.19,261.69,454.09000000000003,469.26,47.39000000000001,392.82,523.41,517.88,321.7,250.18,399.6,512.56,43.21000000000001,508.47,507.64,498.22,385.83,5.620000000000001,279.48,231.55,336.54,311.11,264.86,232.27,32.900000000000006,162.26999999999998,366.62,300.34,269.42,277.6,104.06,33.23,328.03,23.77,28.36,44.76,262.87,38.86,315.05,365.29,388.03000000000003,436.72,26.06,220.43,149.91,406.85,75.32000000000001,33.029999999999994,271.78,366.82,185.85999999999999,296.33,183.92,269.79,369.71000000000004,174.34,198.7,119.88,237.04,365.15,47.95999900000001,40.95000000000001,140.43,123.1,29.85,17.94,323.35
287.09,303.65,30.13,15.230000000000002,57.34,687.25,541.24,519.13,297.8,266.95,1.2299999999999993,534.86,578.39,411.54,31.629999999999995,549.17,512.17,368.3,922.25,78.95,0.0,36.92,281.55,36.01,98.82,56.7,451.07,542.49,156.88,286.27,538.61,760.46,237.06,467.16,322.09,171.9,119.33,357.28,272.46,26.26,25.39,293.85,26.79,128.11,126.78,322.44,311.88,26.47,308.45,23.849999999999998,406.66,519.47,18.669999999999998,14.81,290.13,356.24,199.2,27.000000000000004,526.02,271.37,130.5,360.91,190.73000000000002,402.14,457.67,134.2,329.29,322.31,23.400000000000002,92.5,120.48400000000001,372.81,360.41,221.54,113.83,387.82,433.46,304.82,43.68,349.08,551.66,108.72,165.45,275.88,298.54,360.4,332.93,268.87,111.44,225.11,351.6,45.919999999999995,340.37,530.54,34.13,201.26,167.77,42.660000000000004,160.67,378.95,102.9,265.97,381.42,375.66,157.42,48.94,323.25,346.02,510.01,140.72,229.67,504.55,206.25,395.43,404.53,53.11,336.53000000000003,465.65,463.02,267.0,193.28,336.86,458.34000000000003,54.150000000000006,452.37,452.71,431.59,319.38,4.880000000000001,215.13,161.81,281.3,253.62,210.5,175.63,40.8,109.22,309.9,246.18,205.97,223.36,47.550000000000004,45.830000000000005,274.71,99.44,62.11,55.129999999999995,206.57,48.480000000000004,259.82,296.72,331.28,379.08,35.64,152.72,93.34,352.16,149.17,40.42,214.19,310.87,131.05,240.97,128.6,214.3,314.42,119.00999999999999,144.35,64.37,182.63,308.43,55.46999900000001,49.25,85.47999999999999,68.93,77.53999999999999,18.32,268.64
324.53,285.77,3.8700000000000006,16.330000000000002,53.480000000000004,692.23,528.27,527.76,285.3,277.06,1.51,521.77,567.23,394.48,5.690000000000001,554.2,532.64,378.16,920.03,91.33,36.92,0.0,269.77,9.94,84.46,85.3,437.53,526.49,154.21,273.89,521.15,753.26,226.05,499.72,328.84,153.26,121.86,342.46,258.07,10.39,43.59,278.17,4.36,92.61,123.69,322.25,297.27,5.66,294.31,10.51,393.6,506.8,14.1,17.490000000000002,310.36,368.45,220.1,3.32,523.84,256.75,97.48,327.72,154.84,370.26,422.85,96.48,297.22,288.75,14.85,106.6,107.484,363.82,317.99,254.60000000000002,120.91,353.42,400.03,285.39,59.93,309.73,512.89,72.93,144.74,258.3,263.29,326.9,292.67,226.72,94.38,181.4,316.87,21.67,298.99,495.45,6.07,229.09,180.78,21.25,127.89,365.28,68.56,227.93,339.41,359.23,118.93,14.610000000000001,286.51,303.06,471.54,103.03,211.43,462.3,167.93,356.25,386.85,22.84,295.11,435.62,424.04,223.65,154.88,325.7,407.1,19.14,412.72,411.53,422.83,308.69,2.060000000000001,193.24,167.32999999999998,245.62,219.42,175.58,140.46,13.530000000000001,69.05,264.44,209.04,183.89,180.63,28.49,9.32,233.95,99.34,64.09,27.310000000000002,165.37,13.600000000000001,235.51,295.02,305.15,361.82,6.7200000000000015,136.69,57.739999999999995,307.19,119.77,10.940000000000001,167.93,266.17,100.08,208.03,103.48,173.58,269.2,87.52,101.77,25.34,154.76,272.45,22.880000000000003,16.28,43.92,23.580000000000002,86.45,21.44,221.23
58.61000000000001,22.500000000000004,5.080000000000001,15.479999999999997,319.34,429.04,260.41,262.21,19.41,10.78,2.0,253.35,299.04,133.0,8.33,288.25,269.91,114.63,653.14,208.62,281.55,269.77,0.0,8.7,195.56,229.69,170.04,259.32,127.35,5.99,258.73,489.48,50.379999999999995,235.76,64.21,120.99,166.9,76.92,22.010000000000005,281.22,257.51,11.41,1.35,360.84,158.76,61.56999999999999,34.57,2.3300000000000014,31.34,9.339999999999996,126.13,239.29,15.11,16.089999999999996,43.49,106.26,84.17,2.960000000000001,259.5,525.22,360.77,589.63,417.18,632.04,689.3,362.16,560.84,550.37,14.2,371.23,172.794,625.84,587.56,89.88000000000001,155.97,616.19,662.05,553.56,326.45,576.45,776.94,337.4,415.51,529.85,528.55,591.69,561.79,499.38,363.38,451.4,581.38,19.69,567.35,761.72,6.88,164.17000000000002,447.94,18.73,390.46,630.48,333.33,492.33,607.72,624.88,385.35,18.309999999999995,551.01,573.76,735.86,369.83,481.79,729.9,437.67,623.65,657.59,25.81,561.05,706.22,690.83,491.81,422.24,601.33,686.07,25.72,683.66,678.67,686.4,573.37,3.3800000000000017,466.28,433.67,515.07,483.9,447.83,405.95,14.4,335.07,538.0,474.23,456.74,449.05,275.24,15.700000000000001,502.73,197.26,213.89,29.009999999999998,434.35,18.729999999999997,508.36,568.27,577.22,635.45,8.36,403.37,322.44,576.0,175.36,7.59,436.15,536.68,369.82,481.49,369.65,442.02,540.85,361.85,368.04,298.12,431.18,540.02,24.55,18.009999999999998,312.98,298.39,227.78,25.37,494.36
39.31,13.36,11.900000000000002,24.33,25.27,24.87,2.0,2.2799999999999994,10.26,6.09,4.32,3.709999999999999,9.360000000000003,15.880000000000003,21.87,22.190000000000005,32.93000000000001,27.82,21.02,28.359999999999996,36.01,9.94,8.7,0.0,2.8100000000000005,30.71,5.939999999999998,2.320000000000001,14.930000000000001,1.8599999999999999,15.899999999999997,17.75,11.940000000000003,42.029999999999994,2.7399999999999993,10.780000000000001,18.31,3.57,6.130000000000001,9.09,28.64,5.869999999999999,8.790000000000001,11.959999999999999,16.23,21.98,14.880000000000003,12.97,13.239999999999998,21.25,9.31,5.940000000000001,24.240000000000002,25.199999999999996,28.310000000000006,26.479999999999997,27.319999999999997,9.939999999999998,19.810000000000002,11.740000000000002,10.44,8.86,4.329999999999999,11.350000000000001,13.519999999999998,5.140000000000001,23.37,19.380000000000003,19.470000000000002,60.06999999999999,12.364,2.1700000000000004,16.77,46.08,5.26,6.7299999999999995,13.159999999999998,23.400000000000006,45.800000000000004,11.069999999999999,12.839999999999998,9.690000000000001,9.950000000000001,7.2700000000000005,5.31,5.459999999999999,13.29,18.2,8.23,35.269999999999996,17.900000000000002,12.870000000000001,21.27,7.8599999999999985,5.4,70.15999999999998,42.540000000000006,13.200000000000001,10.520000000000001,2.7700000000000005,4.18,11.919999999999998,9.55,4.699999999999999,14.509999999999998,12.579999999999998,18.909999999999997,18.34,7.040000000000001,7.42,8.26,13.889999999999999,13.18,13.879999999999999,5.609999999999999,18.740000000000002,15.489999999999998,21.03,22.010000000000005,15.78,7.289999999999999,38.699999999999996,21.580000000000005,19.300000000000004,21.32,15.44,2.38,3.3100000000000005,3.1900000000000004,9.769999999999998,29.5,17.39,8.569999999999999,20.07,12.84,6.109999999999999,13.469999999999999,12.689999999999998,15.01,11.599999999999998,9.87,15.219999999999997,13.319999999999999,10.179999999999998,27.040000000000006,7.040000000000001,22.480000000000004,18.56,15.46,31.92,36.4,31.43,34.279999999999994,9.29,9.079999999999998,7.870000000000001,18.359999999999996,19.659999999999997,17.05,21.439999999999998,18.93,22.139999999999993,20.069999999999993,13.02,15.079999999999998,21.13,33.05,17.349999999999998,23.62,33.60000000000001,8.379999999999999,22.049999000000003,16.619999999999997,13.290000000000001,17.25,38.5,36.89,18.07
